[(-5, 15, 10), (-3, 14, 10), (-2, 13, 10), (-1, 12, 10), (0, 11, 10), (0, 10, 10), (1, 10, 10), (1, 9, 10), (2, 8, 10), (2, 7, 10), (2, 7, 10), (2, 6, 10), (2, 5, 10), (2, 5, 10), (2, 4, 10), (2, 4, 10), (2, 4, 10), (2, 3, 10), (1, 3, 10), (1, 3, 10), (1, 3, 10), (2, 2, 10), (1, 2, 10), (1, 2, 10), (1, 2, 10), (1, 2, 10), (1, 1, 10), (1, 1, 10), (1, 1, 10), (1, 1, 10), (1, 1, 10), (1, 1, 10), (1, 1, 10), (0, 1, 10), (0, 1, 10), (1, 1, 10), (0, 1, 10), (1, 1, 10), (708, 442, 10)]
[(7, -16, 10), (7, -16, 10), (6, -15, 10), (4, -14, 10), (2, -13, 10), (0, -12, 10), (-2, -11, 10), (-3, -11, 10), (-4, -10, 10), (-5, -10, 10), (-5, -9, 10), (-5, -8, 10), (-5, -7, 10), (-4, -7, 10), (-4, -6, 10), (-4, -6, 10), (-4, -5, 10), (-3, -5, 10), (-3, -4, 10), (-3, -4, 10), (-2, -4, 10), (-2, -3, 10), (-2, -3, 10), (-2, -3, 10), (-2, -2, 10), (-2, -2, 10), (-2, -2, 10), (-1, -2, 10), (-1, -2, 10), (-1, -2, 10), (-1, -1, 10), (-1, -1, 10), (-1, -1, 10), (662, 226, 10)]
[(-7, 14, 10), (-8, 14, 10), (-7, 13, 10), (-5, 12, 10), (-4, 11, 10), (-2, 10, 10), (-2, 10, 10), (-1, 9, 10), (0, 8, 10), (0, 7, 10), (1, 6, 10), (1, 6, 10), (1, 5, 10), (1, 5, 10), (1, 4, 10), (1, 4, 10), (1, 4, 10), (2, 3, 10), (1, 3, 10), (1, 3, 10), (1, 3, 10), (1, 2, 10), (1, 2, 10), (1, 2, 10), (1, 2, 10), (1, 2, 10), (1, 1, 10), (1, 1, 10), (1, 1, 10), (1, 1, 10), (1, 1, 10), (1, 1, 10), (1, 1, 10), (0, 1, 10), (1, 1, 10), (0, 1, 10), (1, 1, 10), (708, 442, 10)]
[(7, -16, 10), (7, -16, 10), (7, -15, 10), (7, -15, 10), (4, -14, 10), (2, -13, 10), (0, -12, 10), (-1, -11, 10), (-2, -10, 10), (-2, -9, 10), (-2, -8, 10), (-2, -8, 10), (-2, -7, 10), (-3, -6, 10), (-2, -6, 10), (-2, -5, 10), (-2, -5, 10), (-2, -4, 10), (-2, -4, 10), (-2, -4, 10), (-2, -3, 10), (-2, -3, 10), (-2, -3, 10), (-2, -3, 10), (-2, -2, 10), (-1, -2, 10), (-1, -2, 10), (-1, -2, 10), (-1, -2, 10), (-1, -1, 10), (-1, -1, 10), (-1, -1, 10), (-1, -1, 10), (701, 229, 10)]
[(7, 12, 10), (8, 11, 10), (8, 10, 10), (8, 10, 10), (8, 9, 10), (7, 8, 10), (6, 8, 10), (6, 7, 10), (5, 6, 10), (5, 6, 10), (4, 5, 10), (4, 5, 10), (4, 4, 10), (3, 4, 10), (3, 4, 10), (3, 3, 10), (2, 3, 10), (2, 3, 10), (2, 3, 10), (2, 2, 10), (2, 2, 10), (2, 2, 10), (1, 2, 10), (1, 2, 10), (1, 1, 10), (1, 1, 10), (1, 1, 10), (1, 1, 10), (1, 1, 10), (1, 1, 10), (1, 1, 10), (1, 1, 10), (0, 1, 10), (1, 1, 10), (0, 1, 10), (1, 1, 10), (708, 442, 10)]
[(0, -13, 10), (-2, -12, 10), (-3, -11, 10), (-5, -11, 10), (-5, -10, 10), (-6, -10, 10), (-7, -9, 10), (-8, -9, 10), (-8, -9, 10), (-8, -8, 10), (-9, -8, 10), (-8, -7, 10), (-7, -7, 10), (-6, -6, 10), (-6, -6, 10), (-5, -5, 10), (-5, -5, 10), (-4, -4, 10), (-4, -4, 10), (-3, -3, 10), (-3, -3, 10), (-3, -3, 10), (-3, -3, 10), (-2, -2, 10), (-2, -2, 10), (-2, -2, 10), (-2, -2, 10), (-1, -2, 10), (-1, -2, 10), (-1, -1, 10), (-1, -1, 10), (-1, -1, 10), (-1, -1, 10), (578, 261, 10)]
[(4, 12, 10), (4, 11, 10), (4, 10, 10), (4, 10, 10), (4, 9, 10), (4, 8, 10), (4, 7, 10), (3, 7, 10), (3, 6, 10), (3, 6, 10), (3, 5, 10), (3, 5, 10), (3, 4, 10), (2, 4, 10), (2, 3, 10), (2, 3, 10), (2, 3, 10), (2, 3, 10), (2, 2, 10), (2, 2, 10), (1, 2, 10), (1, 2, 10), (1, 2, 10), (1, 2, 10), (1, 1, 10), (1, 1, 10), (1, 1, 10), (1, 1, 10), (1, 1, 10), (1, 1, 10), (1, 1, 10), (0, 1, 10), (1, 1, 10), (0, 1, 10), (1, 1, 10), (708, 442, 10)]
[(3, -14, 10), (1, -13, 10), (-1, -12, 10), (-3, -11, 10), (-4, -11, 10), (-5, -10, 10), (-6, -10, 10), (-6, -9, 10), (-7, -9, 10), (-6, -8, 10), (-6, -7, 10), (-5, -7, 10), (-5, -6, 10), (-5, -6, 10), (-4, -5, 10), (-4, -5, 10), (-3, -4, 10), (-3, -4, 10), (-3, -3, 10), (-3, -3, 10), (-2, -3, 10), (-2, -3, 10), (-2, -2, 10), (-2, -2, 10), (-2, -2, 10), (-2, -2, 10), (-1, -2, 10), (-1, -2, 10), (-1, -1, 10), (-1, -1, 10), (-1, -1, 10), (618, 265, 10)]
[(-4, 12, 10), (-2, 12, 10), (-1, 11, 10), (-1, 10, 10), (0, 9, 10), (1, 8, 10), (1, 8, 10), (1, 7, 10), (1, 6, 10), (2, 6, 10), (2, 5, 10), (2, 5, 10), (2, 4, 10), (1, 4, 10), (2, 4, 10), (1, 3, 10), (1, 3, 10), (1, 3, 10), (2, 2, 10), (1, 2, 10), (1, 2, 10), (1, 2, 10), (1, 2, 10), (1, 1, 10), (1, 1, 10), (1, 1, 10), (1, 1, 10), (1, 1, 10), (1, 1, 10), (1, 1, 10), (0, 1, 10), (0, 1, 10), (1, 1, 10), (0, 1, 10), (1, 1, 10), (708, 442, 10)]
[(7, -15, 10), (5, -14, 10), (2, -13, 10), (1, -12, 10), (-1, -12, 10), (-2, -11, 10), (-4, -10, 10), (-4, -9, 10), (-4, -9, 10), (-4, -8, 10), (-3, -7, 10), (-3, -6, 10), (-3, -6, 10), (-3, -5, 10), (-3, -5, 10), (-3, -5, 10), (-2, -4, 10), (-2, -4, 10), (-2, -3, 10), (-2, -3, 10), (-2, -3, 10), (-2, -3, 10), (-2, -2, 10), (-2, -2, 10), (-1, -2, 10), (-1, -2, 10), (-1, -2, 10), (-1, -1, 10), (-1, -1, 10), (-1, -1, 10), (-1, -1, 10), (666, 262, 10)]
[(-10, 13, 10), (-7, 12, 10), (-6, 11, 10), (-4, 10, 10), (-3, 9, 10), (-2, 8, 10), (-1, 7, 10), (-1, 7, 10), (0, 6, 10), (0, 6, 10), (1, 5, 10), (1, 5, 10), (1, 4, 10), (1, 4, 10), (1, 3, 10), (1, 3, 10), (1, 3, 10), (1, 3, 10), (1, 2, 10), (1, 2, 10), (1, 2, 10), (1, 2, 10), (1, 2, 10), (1, 1, 10), (1, 1, 10), (1, 1, 10), (1, 1, 10), (0, 1, 10), (0, 1, 10), (1, 1, 10), (0, 1, 10), (0, 1, 10), (1, 1, 10), (0, 1, 10), (1, 1, 10), (708, 442, 10)]
[(7, -15, 10), (7, -15, 10), (6, -14, 10), (3, -13, 10), (2, -12, 10), (1, -11, 10), (0, -10, 10), (-1, -9, 10), (-1, -8, 10), (-1, -8, 10), (-2, -7, 10), (-2, -6, 10), (-2, -6, 10), (-2, -5, 10), (-2, -5, 10), (-2, -4, 10), (-2, -4, 10), (-2, -4, 10), (-1, -3, 10), (-1, -3, 10), (-2, -3, 10), (-1, -2, 10), (-1, -2, 10), (-1, -2, 10), (-1, -2, 10), (-1, -2, 10), (-1, -2, 10), (-1, -1, 10), (-1, -1, 10), (-1, -1, 10), (705, 263, 10)]
[(12, 9, 10), (11, 9, 10), (10, 8, 10), (9, 7, 10), (8, 7, 10), (7, 6, 10), (6, 5, 10), (5, 5, 10), (5, 5, 10), (4, 4, 10), (4, 4, 10), (4, 3, 10), (3, 3, 10), (3, 3, 10), (3, 3, 10), (2, 2, 10), (2, 2, 10), (2, 2, 10), (2, 2, 10), (1, 2, 10), (1, 2, 10), (1, 1, 10), (1, 1, 10), (1, 1, 10), (1, 1, 10), (1, 1, 10), (1, 1, 10), (1, 1, 10), (1, 1, 10), (1, 1, 10), (0, 1, 10), (1, 1, 10), (708, 442, 10)]
[(-5, -10, 10), (-6, -10, 10), (-7, -9, 10), (-8, -9, 10), (-8, -9, 10), (-8, -8, 10), (-9, -8, 10), (-9, -8, 10), (-8, -7, 10), (-7, -7, 10), (-7, -6, 10), (-6, -6, 10), (-5, -5, 10), (-5, -5, 10), (-4, -4, 10), (-4, -4, 10), (-4, -3, 10), (-3, -3, 10), (-3, -3, 10), (-3, -3, 10), (-2, -2, 10), (-2, -2, 10), (-2, -2, 10), (-2, -2, 10), (-1, -2, 10), (-1, -2, 10), (-1, -1, 10), (-1, -1, 10), (-1, -1, 10), (-1, -1, 10), (577, 300, 10)]
[(5, 10, 10), (5, 9, 10), (4, 8, 10), (4, 7, 10), (4, 7, 10), (4, 6, 10), (3, 5, 10), (3, 5, 10), (3, 5, 10), (3, 4, 10), (3, 4, 10), (2, 3, 10), (2, 3, 10), (2, 3, 10), (2, 3, 10), (2, 2, 10), (2, 2, 10), (1, 2, 10), (1, 2, 10), (1, 2, 10), (1, 1, 10), (1, 1, 10), (1, 1, 10), (1, 1, 10), (1, 1, 10), (1, 1, 10), (1, 1, 10), (1, 1, 10), (0, 1, 10), (1, 1, 10), (0, 1, 10), (1, 1, 10), (708, 442, 10)]
[(-1, -12, 10), (-3, -11, 10), (-4, -10, 10), (-5, -10, 10), (-5, -9, 10), (-6, -9, 10), (-6, -8, 10), (-5, -8, 10), (-5, -7, 10), (-5, -6, 10), (-4, -6, 10), (-4, -5, 10), (-4, -5, 10), (-3, -4, 10), (-3, -4, 10), (-3, -4, 10), (-3, -3, 10), (-2, -3, 10), (-2, -3, 10), (-2, -2, 10), (-2, -2, 10), (-2, -2, 10), (-1, -2, 10), (-1, -2, 10), (-1, -2, 10), (-1, -1, 10), (-1, -1, 10), (-1, -1, 10), (-1, -1, 10), (625, 300, 10)]
[(-1, 10, 10), (0, 9, 10), (0, 8, 10), (1, 7, 10), (1, 7, 10), (1, 6, 10), (1, 5, 10), (2, 5, 10), (2, 5, 10), (1, 4, 10), (2, 4, 10), (1, 3, 10), (1, 3, 10), (1, 3, 10), (1, 3, 10), (2, 2, 10), (1, 2, 10), (1, 2, 10), (1, 2, 10), (1, 2, 10), (1, 1, 10), (1, 1, 10), (1, 1, 10), (1, 1, 10), (1, 1, 10), (1, 1, 10), (1, 1, 10), (0, 1, 10), (0, 1, 10), (1, 1, 10), (0, 1, 10), (1, 1, 10), (708, 442, 10)]
[(2, -13, 10), (0, -12, 10), (-1, -11, 10), (-3, -11, 10), (-3, -10, 10), (-3, -9, 10), (-3, -8, 10), (-3, -7, 10), (-3, -7, 10), (-3, -6, 10), (-3, -5, 10), (-2, -5, 10), (-2, -5, 10), (-2, -4, 10), (-2, -4, 10), (-2, -3, 10), (-2, -3, 10), (-2, -3, 10), (-2, -3, 10), (-2, -2, 10), (-1, -2, 10), (-1, -2, 10), (-1, -2, 10), (-1, -2, 10), (-1, -1, 10), (-1, -1, 10), (-1, -1, 10), (-1, -1, 10), (662, 300, 10)]
[(-8, 10, 10), (-7, 10, 10), (-5, 9, 10), (-4, 8, 10), (-3, 7, 10), (-2, 6, 10), (-1, 6, 10), (-1, 5, 10), (0, 5, 10), (0, 4, 10), (0, 4, 10), (0, 4, 10), (1, 3, 10), (1, 3, 10), (1, 3, 10), (1, 2, 10), (1, 2, 10), (1, 2, 10), (1, 2, 10), (1, 2, 10), (1, 1, 10), (0, 1, 10), (0, 1, 10), (1, 1, 10), (0, 1, 10), (0, 1, 10), (1, 1, 10), (0, 1, 10), (0, 1, 10), (1, 1, 10), (0, 1, 10), (1, 1, 10), (708, 442, 10)]
[(7, -15, 10), (5, -13, 10), (4, -12, 10), (2, -11, 10), (1, -10, 10), (1, -9, 10), (0, -8, 10), (0, -7, 10), (-1, -7, 10), (-1, -6, 10), (-1, -6, 10), (-1, -5, 10), (-1, -5, 10), (-2, -4, 10), (-1, -4, 10), (-2, -3, 10), (-1, -3, 10), (-1, -3, 10), (-1, -3, 10), (-1, -2, 10), (-1, -2, 10), (-1, -2, 10), (-1, -2, 10), (-1, -2, 10), (-1, -1, 10), (-1, -1, 10), (-1, -1, 10), (-1, -1, 10), (709, 295, 10)]
[(14, 6, 10), (12, 6, 10), (11, 5, 10), (9, 5, 10), (8, 4, 10), (7, 4, 10), (6, 4, 10), (6, 3, 10), (5, 3, 10), (4, 3, 10), (4, 3, 10), (4, 2, 10), (3, 2, 10), (3, 2, 10), (2, 2, 10), (2, 2, 10), (2, 1, 10), (2, 1, 10), (1, 1, 10), (1, 1, 10), (1, 1, 10), (1, 1, 10), (1, 1, 10), (1, 1, 10), (1, 1, 10), (1, 1, 10), (1, 1, 10), (1, 1, 10), (708, 442, 10)]
[(-10, -8, 10), (-10, -8, 10), (-10, -8, 10), (-10, -7, 10), (-10, -7, 10), (-10, -7, 10), (-9, -6, 10), (-8, -6, 10), (-7, -5, 10), (-6, -5, 10), (-5, -5, 10), (-5, -4, 10), (-4, -4, 10), (-4, -3, 10), (-3, -3, 10), (-3, -3, 10), (-3, -3, 10), (-3, -2, 10), (-2, -2, 10), (-2, -2, 10), (-2, -2, 10), (-2, -2, 10), (-1, -1, 10), (-1, -1, 10), (-1, -1, 10), (-1, -1, 10), (-1, -1, 10), (577, 336, 10)]
[(7, 6, 10), (7, 6, 10), (6, 5, 10), (5, 5, 10), (5, 5, 10), (4, 4, 10), (4, 4, 10), (3, 3, 10), (3, 3, 10), (3, 3, 10), (3, 3, 10), (2, 2, 10), (2, 2, 10), (2, 2, 10), (2, 2, 10), (1, 2, 10), (1, 2, 10), (1, 1, 10), (1, 1, 10), (1, 1, 10), (1, 1, 10), (1, 1, 10), (1, 1, 10), (1, 1, 10), (1, 1, 10), (1, 1, 10), (0, 1, 10), (1, 1, 10), (708, 442, 10)]
[(-6, -10, 10), (-7, -9, 10), (-7, -9, 10), (-7, -8, 10), (-6, -7, 10), (-6, -7, 10), (-5, -6, 10), (-5, -6, 10), (-5, -5, 10), (-4, -5, 10), (-4, -4, 10), (-3, -4, 10), (-3, -4, 10), (-3, -3, 10), (-3, -3, 10), (-2, -3, 10), (-2, -2, 10), (-2, -2, 10), (-2, -2, 10), (-1, -2, 10), (-1, -2, 10), (-1, -2, 10), (-1, -1, 10), (-1, -1, 10), (-1, -1, 10), (-1, -1, 10), (621, 334, 10)]
[(1, 7, 10), (1, 6, 10), (1, 5, 10), (1, 5, 10), (2, 5, 10), (2, 4, 10), (1, 4, 10), (2, 3, 10), (1, 3, 10), (1, 3, 10), (1, 3, 10), (1, 2, 10), (1, 2, 10), (1, 2, 10), (1, 2, 10), (1, 2, 10), (1, 1, 10), (1, 1, 10), (1, 1, 10), (1, 1, 10), (1, 1, 10), (1, 1, 10), (1, 1, 10), (0, 1, 10), (1, 1, 10), (0, 1, 10), (1, 1, 10), (708, 442, 10)]
[(-2, -11, 10), (-3, -10, 10), (-3, -9, 10), (-3, -8, 10), (-3, -7, 10), (-3, -7, 10), (-2, -6, 10), (-3, -6, 10), (-2, -5, 10), (-2, -5, 10), (-2, -4, 10), (-2, -4, 10), (-2, -3, 10), (-2, -3, 10), (-2, -3, 10), (-2, -3, 10), (-2, -2, 10), (-1, -2, 10), (-1, -2, 10), (-1, -2, 10), (-1, -2, 10), (-1, -1, 10), (-1, -1, 10), (-1, -1, 10), (-1, -1, 10), (663, 335, 10)]
[(-6, 7, 10), (-5, 6, 10), (-3, 5, 10), (-3, 5, 10), (-2, 5, 10), (-1, 4, 10), (-1, 4, 10), (-1, 3, 10), (0, 3, 10), (0, 3, 10), (0, 2, 10), (0, 2, 10), (0, 2, 10), (0, 2, 10), (1, 2, 10), (0, 2, 10), (1, 1, 10), (0, 1, 10), (1, 1, 10), (0, 1, 10), (0, 1, 10), (1, 1, 10), (0, 1, 10), (0, 1, 10), (1, 1, 10), (0, 1, 10), (1, 1, 10), (708, 442, 10)]
[(4, -11, 10), (3, -10, 10), (2, -9, 10), (1, -8, 10), (1, -7, 10), (0, -7, 10), (0, -6, 10), (0, -5, 10), (-1, -5, 10), (-1, -5, 10), (-1, -4, 10), (-1, -4, 10), (-1, -3, 10), (-1, -3, 10), (-1, -3, 10), (-1, -3, 10), (-1, -2, 10), (-1, -2, 10), (-1, -2, 10), (-1, -2, 10), (-1, -2, 10), (-1, -1, 10), (-1, -1, 10), (-1, -1, 10), (707, 336, 10)]
[(9, 3, 10), (8, 3, 10), (7, 3, 10), (6, 2, 10), (5, 2, 10), (4, 2, 10), (4, 2, 10), (3, 2, 10), (3, 1, 10), (3, 1, 10), (2, 1, 10), (2, 1, 10), (2, 1, 10), (2, 1, 10), (1, 1, 10), (1, 1, 10), (1, 1, 10), (1, 1, 10), (1, 1, 10), (1, 1, 10), (1, 0, 10), (1, 1, 10), (708, 442, 10)]
[(-10, -7, 10), (-9, -7, 10), (-8, -6, 10), (-7, -5, 10), (-7, -5, 10), (-6, -5, 10), (-5, -4, 10), (-5, -4, 10), (-4, -3, 10), (-4, -3, 10), (-3, -3, 10), (-3, -3, 10), (-3, -2, 10), (-2, -2, 10), (-2, -2, 10), (-2, -2, 10), (-2, -2, 10), (-1, -2, 10), (-1, -1, 10), (-1, -1, 10), (-1, -1, 10), (-1, -1, 10), (623, 372, 10)]
[(3, 3, 10), (2, 3, 10), (2, 3, 10), (2, 3, 10), (2, 2, 10), (2, 2, 10), (2, 2, 10), (1, 2, 10), (1, 2, 10), (1, 1, 10), (1, 1, 10), (1, 1, 10), (1, 1, 10), (1, 1, 10), (1, 1, 10), (1, 1, 10), (1, 1, 10), (0, 1, 10), (1, 1, 10), (0, 1, 10), (1, 1, 10), (708, 442, 10)]
[(-4, -8, 10), (-4, -7, 10), (-4, -6, 10), (-3, -6, 10), (-3, -5, 10), (-3, -5, 10), (-3, -4, 10), (-3, -4, 10), (-2, -4, 10), (-2, -3, 10), (-2, -3, 10), (-2, -3, 10), (-2, -2, 10), (-2, -2, 10), (-1, -2, 10), (-1, -2, 10), (-1, -2, 10), (-1, -2, 10), (-1, -1, 10), (-1, -1, 10), (-1, -1, 10), (664, 370, 10)]
[(12, 0, 10), (10, 0, 10), (8, 0, 10), (7, 0, 10), (6, 0, 10), (5, 0, 10), (4, 0, 10), (4, 0, 10), (3, 0, 10), (3, 0, 10), (2, 0, 10), (2, 0, 10), (2, 0, 10), (1, 0, 10), (1, 0, 10), (1, 0, 10), (1, 0, 10), (708, 442, 10)]
[(-13, -4, 10), (-11, -4, 10), (-10, -3, 10), (-8, -3, 10), (-7, -3, 10), (-6, -3, 10), (-6, -3, 10), (-5, -2, 10), (-4, -2, 10), (-4, -2, 10), (-3, -2, 10), (-3, -2, 10), (-3, -1, 10), (-2, -1, 10), (-2, -1, 10), (-2, -1, 10), (-1, -1, 10), (-1, -1, 10), (618, 405, 10)]
[(5, 0, 10), (4, 0, 10), (4, 0, 10), (3, 0, 10), (2, 0, 10), (2, 0, 10), (2, 0, 10), (2, 0, 10), (1, 0, 10), (1, 0, 10), (708, 442, 10)]
[(-6, -4, 10), (-6, -4, 10), (-5, -3, 10), (-4, -3, 10), (-4, -3, 10), (-3, -3, 10), (-3, -2, 10), (-3, -2, 10), (-2, -2, 10), (-2, -2, 10), (-2, -2, 10), (-2, -1, 10), (-2, -1, 10), (-1, -1, 10), (-1, -1, 10), (-1, -1, 10), (663, 408, 10)]
[(708, 442, 10)]
[(0, -4, 10), (0, -4, 10), (0, -4, 10), (0, -3, 10), (-1, -3, 10), (-1, -3, 10), (-1, -3, 10), (-1, -2, 10), (-1, -2, 10), (0, -2, 10), (-1, -2, 10), (-1, -2, 10), (0, -1, 10), (-1, -1, 10), (705, 406, 10)]